rank: 0; group_size: 1
0 0 1.4959e+11 0 
17.7254 0 1.49584e+11 9.39457e+08 
53.1765 0.111326 1.49572e+11 1.87888e+09 
106.353 0.445313 1.49554e+11 2.81822e+09 
177.254 1.1133 1.49531e+11 3.75746e+09 
265.877 2.22663 1.49501e+11 4.69655e+09 
372.221 3.89663 1.49466e+11 5.63545e+09 
496.281 6.23462 1.49425e+11 6.57413e+09 
638.055 9.35194 1.49377e+11 7.51255e+09 
797.537 13.3599 1.49324e+11 8.45067e+09 
974.723 18.3697 1.49265e+11 9.38846e+09 
1169.61 24.4926 1.492e+11 1.03259e+10 
1382.18 31.8399 1.4913e+11 1.12629e+10 
1612.44 40.5226 1.49053e+11 1.21995e+10 
1860.37 50.6521 1.48971e+11 1.31355e+10 
2125.97 62.3393 1.48882e+11 1.40711e+10 
2409.23 75.6953 1.48788e+11 1.50061e+10 
2710.13 90.8312 1.48688e+11 1.59405e+10 
3028.67 107.858 1.48582e+11 1.68743e+10 
3364.83 126.886 1.4847e+11 1.78075e+10 
3718.61 148.027 1.48352e+11 1.87399e+10 
4089.98 171.39 1.48229e+11 1.96716e+10 
4478.95 197.088 1.48099e+11 2.06025e+10 
4885.48 225.23 1.47964e+11 2.15326e+10 
5309.57 255.927 1.47823e+11 2.24618e+10 
5751.2 289.289 1.47676e+11 2.33902e+10 
6210.36 325.427 1.47523e+11 2.43176e+10 
6687.02 364.451 1.47364e+11 2.52441e+10 
7181.17 406.471 1.472e+11 2.61695e+10 
7692.79 451.597 1.47029e+11 2.7094e+10 
8221.87 499.939 1.46853e+11 2.80173e+10 
8768.37 551.606 1.46671e+11 2.89396e+10 
9332.29 606.709 1.46484e+11 2.98607e+10 
9913.59 665.357 1.4629e+11 3.07806e+10 
10512.3 727.659 1.46091e+11 3.16994e+10 
11128.3 793.725 1.45886e+11 3.26168e+10 
11761.6 863.663 1.45675e+11 3.3533e+10 
12412.3 937.584 1.45459e+11 3.44479e+10 
13080.2 1015.59 1.45236e+11 3.53614e+10 
13765.3 1097.81 1.45008e+11 3.62735e+10 
14467.7 1184.32 1.44774e+11 3.71841e+10 
15187.3 1275.26 1.44535e+11 3.80933e+10 
15924.1 1370.72 1.4429e+11 3.9001e+10 
16677.9 1470.81 1.44039e+11 3.99071e+10 
17448.9 1575.64 1.43782e+11 4.08117e+10 
18237 1685.32 1.4352e+11 4.17147e+10 
19042.1 1799.96 1.43252e+11 4.2616e+10 
19864.3 1919.66 1.42978e+11 4.35156e+10 
20703.4 2044.53 1.42699e+11 4.44135e+10 
21559.5 2174.68 1.42414e+11 4.53096e+10 
22432.5 2310.21 1.42124e+11 4.6204e+10 
23322.4 2451.23 1.41827e+11 4.70965e+10 
24229.2 2597.85 1.41526e+11 4.79871e+10 
25152.8 2750.18 1.41218e+11 4.88759e+10 
26093.1 2908.31 1.40905e+11 4.97627e+10 
27050.2 3072.36 1.40587e+11 5.06476e+10 
28024.1 3242.43 1.40262e+11 5.15304e+10 
29014.6 3418.62 1.39933e+11 5.24113e+10 
30021.7 3601.04 1.39598e+11 5.329e+10 
31045.4 3789.8 1.39257e+11 5.41666e+10 
32085.7 3985.01 1.38911e+11 5.50411e+10 
33142.5 4186.75 1.38559e+11 5.59134e+10 
34215.8 4395.14 1.38202e+11 5.67835e+10 
35305.5 4610.29 1.37839e+11 5.76514e+10 
36411.6 4832.29 1.37471e+11 5.85169e+10 
37534.1 5061.25 1.37097e+11 5.93802e+10 
38672.8 5297.28 1.36718e+11 6.02411e+10 
39827.9 5540.47 1.36334e+11 6.10996e+10 
40999.1 5790.92 1.35944e+11 6.19557e+10 
42186.5 6048.75 1.35549e+11 6.28094e+10 
43390 6314.05 1.35148e+11 6.36605e+10 
44609.7 6586.92 1.34742e+11 6.45091e+10 
45845.3 6867.47 1.34331e+11 6.53552e+10 
47096.9 7155.79 1.33914e+11 6.61987e+10 
48364.5 7451.99 1.33493e+11 6.70396e+10 
49647.9 7756.17 1.33065e+11 6.78778e+10 
50947.2 8068.42 1.32633e+11 6.87133e+10 
52262.3 8388.85 1.32195e+11 6.95462e+10 
53593.1 8717.56 1.31752e+11 7.03762e+10 
54939.6 9054.64 1.31304e+11 7.12035e+10 
56301.7 9400.2 1.30851e+11 7.20279e+10 
57679.3 9754.33 1.30392e+11 7.28495e+10 
59072.5 10117.1 1.29929e+11 7.36682e+10 
60481.2 10488.7 1.2946e+11 7.4484e+10 
61905.3 10869.1 1.28986e+11 7.52968e+10 
63344.7 11258.6 1.28507e+11 7.61067e+10 
64799.5 11657 1.28022e+11 7.69135e+10 
66269.4 12064.6 1.27533e+11 7.77173e+10 
67754.6 12481.5 1.27039e+11 7.8518e+10 
69254.9 12907.7 1.2654e+11 7.93156e+10 
70770.3 13343.4 1.26035e+11 8.01101e+10 
72300.6 13788.6 1.25526e+11 8.09013e+10 
73846 14243.5 1.25012e+11 8.16894e+10 
75406.2 14708.1 1.24492e+11 8.24742e+10 
76981.2 15182.5 1.23968e+11 8.32558e+10 
78571 15666.8 1.23439e+11 8.40341e+10 
80175.5 16161.1 1.22905e+11 8.4809e+10 
81794.7 16665.5 1.22366e+11 8.55806e+10 
83428.4 17180.1 1.21822e+11 8.63487e+10 
85076.6 17705.1 1.21274e+11 8.71135e+10 
86739.3 18240.3 1.2072e+11 8.78748e+10 
88416.4 18786.1 1.20162e+11 8.86326e+10 
90107.8 19342.4 1.19599e+11 8.93869e+10 
91813.4 19909.4 1.19031e+11 9.01376e+10 
93533.2 20487.1 1.18459e+11 9.08848e+10 
95267.2 21075.7 1.17882e+11 9.16284e+10 
97015.1 21675.1 1.173e+11 9.23683e+10 
98777.1 22285.6 1.16714e+11 9.31046e+10 
100553 22907.2 1.16123e+11 9.38372e+10 
102343 23539.9 1.15527e+11 9.4566e+10 
104146 24183.9 1.14927e+11 9.52911e+10 
105963 24839.3 1.14322e+11 9.60125e+10 
107794 25506.1 1.13712e+11 9.673e+10 
109639 26184.5 1.13099e+11 9.74437e+10 
111496 26874.5 1.1248e+11 9.81535e+10 
113368 27576.2 1.11857e+11 9.88594e+10 
115252 28289.6 1.1123e+11 9.95614e+10 
117150 29015 1.10599e+11 1.00259e+11 
119061 29752.2 1.09962e+11 1.00953e+11 
120985 30501.6 1.09322e+11 1.01644e+11 
122923 31263 1.08677e+11 1.0233e+11 
124873 32036.7 1.08028e+11 1.03012e+11 
126836 32822.6 1.07375e+11 1.03689e+11 
128812 33620.9 1.06717e+11 1.04363e+11 
130800 34431.7 1.06055e+11 1.05033e+11 
132801 35254.9 1.05389e+11 1.05698e+11 
134815 36090.8 1.04719e+11 1.06359e+11 
136841 36939.4 1.04045e+11 1.07017e+11 
138880 37800.7 1.03366e+11 1.07669e+11 
140931 38674.9 1.02683e+11 1.08318e+11 
142994 39562 1.01997e+11 1.08962e+11 
145070 40462.1 1.01306e+11 1.09602e+11 
147157 41375.3 1.00611e+11 1.10237e+11 
149257 42301.6 9.99124e+10 1.10869e+11 
151368 43241.2 9.92096e+10 1.11495e+11 
153492 44194.1 9.85029e+10 1.12118e+11 
155627 45160.3 9.77923e+10 1.12735e+11 
157774 46140 9.70778e+10 1.13349e+11 
159932 47133.2 9.63595e+10 1.13958e+11 
162102 48140 9.56373e+10 1.14562e+11 
164283 49160.5 9.49113e+10 1.15162e+11 
166475 50194.8 9.41816e+10 1.15757e+11 
168679 51242.8 9.34481e+10 1.16348e+11 
170894 52304.7 9.27109e+10 1.16934e+11 
173120 53380.6 9.197e+10 1.17515e+11 
175357 54470.6 9.12255e+10 1.18092e+11 
177605 55574.6 9.04773e+10 1.18664e+11 
179864 56692.8 8.97255e+10 1.19231e+11 
182133 57825.2 8.89702e+10 1.19794e+11 
184413 58971.9 8.82114e+10 1.20351e+11 
186704 60133 8.7449e+10 1.20904e+11 
189005 61308.5 8.66832e+10 1.21453e+11 
191316 62498.5 8.59139e+10 1.21996e+11 
193637 63703.1 8.51412e+10 1.22535e+11 
195969 64922.3 8.43651e+10 1.23068e+11 
198311 66156.2 8.35857e+10 1.23597e+11 
200663 67404.9 8.28029e+10 1.24121e+11 
203024 68668.4 8.20169e+10 1.2464e+11 
205396 69946.8 8.12276e+10 1.25154e+11 
207777 71240.1 8.0435e+10 1.25663e+11 
210168 72548.4 7.96393e+10 1.26167e+11 
212568 73871.8 7.88404e+10 1.26666e+11 
214978 75210.3 7.80384e+10 1.2716e+11 
217397 76564.1 7.72333e+10 1.27649e+11 
219825 77933 7.64251e+10 1.28132e+11 
222263 79317.3 7.56138e+10 1.28611e+11 
224709 80716.9 7.47996e+10 1.29085e+11 
227164 82131.9 7.39824e+10 1.29553e+11 
229629 83562.5 7.31622e+10 1.30017e+11 
232102 85008.5 7.23391e+10 1.30475e+11 
234583 86470.1 7.15132e+10 1.30928e+11 
237073 87947.4 7.06844e+10 1.31376e+11 
239572 89440.4 6.98528e+10 1.31818e+11 
242079 90949.1 6.90184e+10 1.32255e+11 
244594 92473.6 6.81813e+10 1.32687e+11 
247117 94014 6.73415e+10 1.33114e+11 
249648 95570.3 6.6499e+10 1.33536e+11 
252188 97142.5 6.56538e+10 1.33952e+11 
254735 98730.7 6.4806e+10 1.34363e+11 
257290 100335 6.39557e+10 1.34768e+11 
259852 101955 6.31028e+10 1.35168e+11 
262422 103592 6.22474e+10 1.35563e+11 
265000 105245 6.13895e+10 1.35953e+11 
267585 106914 6.05292e+10 1.36336e+11 
270177 108599 5.96665e+10 1.36715e+11 
272776 110301 5.88014e+10 1.37088e+11 
275382 112019 5.7934e+10 1.37456e+11 
277995 113753 5.70643e+10 1.37818e+11 
280615 115504 5.61922e+10 1.38175e+11 
283242 117271 5.5318e+10 1.38526e+11 
285875 119055 5.44416e+10 1.38872e+11 
288515 120856 5.3563e+10 1.39212e+11 
291161 122673 5.26822e+10 1.39546e+11 
293814 124507 5.17994e+10 1.39875e+11 
296472 126357 5.09145e+10 1.40199e+11 
299137 128225 5.00276e+10 1.40517e+11 
301808 130109 4.91387e+10 1.40829e+11 
304485 132010 4.82478e+10 1.41136e+11 
307167 133928 4.7355e+10 1.41437e+11 
309855 135863 4.64603e+10 1.41733e+11 
312549 137814 4.55638e+10 1.42023e+11 
315248 139783 4.46655e+10 1.42307e+11 
317952 141769 4.37654e+10 1.42585e+11 
320662 143771 4.28635e+10 1.42858e+11 
323376 145791 4.196e+10 1.43125e+11 
326096 147828 4.10548e+10 1.43387e+11 
328821 149882 4.01479e+10 1.43643e+11 
331550 151953 3.92395e+10 1.43893e+11 
334284 154042 3.83294e+10 1.44137e+11 
337023 156148 3.74179e+10 1.44376e+11 
339766 158271 3.65049e+10 1.44609e+11 
342514 160411 3.55904e+10 1.44836e+11 
345266 162568 3.46745e+10 1.45057e+11 
348022 164743 3.37572e+10 1.45273e+11 
350782 166935 3.28386e+10 1.45483e+11 
353546 169145 3.19187e+10 1.45687e+11 
356314 171372 3.09975e+10 1.45885e+11 
359085 173617 3.0075e+10 1.46077e+11 
361860 175879 2.91514e+10 1.46264e+11 
364639 178158 2.82266e+10 1.46445e+11 
367421 180455 2.73007e+10 1.4662e+11 
370206 182770 2.63737e+10 1.46789e+11 
372994 185102 2.54457e+10 1.46952e+11 
375785 187451 2.45166e+10 1.47109e+11 
378580 189819 2.35866e+10 1.47261e+11 
381377 192203 2.26556e+10 1.47407e+11 
384177 194606 2.17237e+10 1.47546e+11 
386979 197026 2.0791e+10 1.4768e+11 
389784 199464 1.98574e+10 1.47809e+11 
392591 201919 1.8923e+10 1.47931e+11 
395401 204392 1.79879e+10 1.48047e+11 
398213 206883 1.70521e+10 1.48158e+11 
401027 209392 1.61156e+10 1.48262e+11 
403842 211918 1.51784e+10 1.48361e+11 
406660 214462 1.42407e+10 1.48453e+11 
409479 217024 1.33024e+10 1.4854e+11 
412300 219603 1.23635e+10 1.48621e+11 
415122 222200 1.14242e+10 1.48696e+11 
417946 224816 1.04844e+10 1.48765e+11 
420771 227448 9.54417e+09 1.48828e+11 
423597 230099 8.60358e+09 1.48886e+11 
426424 232768 7.66265e+09 1.48937e+11 
429252 235454 6.72141e+09 1.48982e+11 
432080 238158 5.7799e+09 1.49022e+11 
434910 240880 4.83816e+09 1.49055e+11 
437740 243620 3.89623e+09 1.49083e+11 
440570 246377 2.95415e+09 1.49105e+11 
443401 249153 2.01195e+09 1.4912e+11 
446232 251946 1.06966e+09 1.4913e+11 
449064 254757 1.27338e+08 1.49134e+11 
451895 257586 -8.14992e+08 1.49132e+11 
454726 260432 -1.75729e+09 1.49124e+11 
457557 263297 -2.69952e+09 1.4911e+11 
460388 266179 -3.64164e+09 1.4909e+11 
463218 269080 -4.58361e+09 1.49064e+11 
466047 271998 -5.52541e+09 1.49032e+11 
468876 274934 -6.46698e+09 1.48995e+11 
471705 277887 -7.40829e+09 1.48951e+11 
474532 280859 -8.34931e+09 1.48901e+11 
477358 283848 -9.29e+09 1.48846e+11 
480183 286855 -1.02303e+10 1.48785e+11 
483007 289880 -1.11702e+10 1.48717e+11 
485830 292923 -1.21097e+10 1.48644e+11 
488651 295983 -1.30487e+10 1.48565e+11 
491471 299061 -1.39871e+10 1.4848e+11 
494289 302157 -1.49251e+10 1.48389e+11 
497105 305271 -1.58624e+10 1.48292e+11 
499919 308403 -1.67991e+10 1.48189e+11 
502732 311552 -1.77351e+10 1.4808e+11 
505542 314719 -1.86704e+10 1.47966e+11 
508350 317903 -1.96049e+10 1.47845e+11 
511155 321105 -2.05387e+10 1.47719e+11 
513958 324325 -2.14717e+10 1.47587e+11 
516759 327563 -2.24038e+10 1.47449e+11 
519557 330818 -2.3335e+10 1.47305e+11 
522352 334091 -2.42653e+10 1.47155e+11 
525144 337381 -2.51947e+10 1.46999e+11 
527933 340689 -2.6123e+10 1.46838e+11 
530719 344015 -2.70503e+10 1.4667e+11 
533502 347358 -2.79765e+10 1.46497e+11 
536282 350718 -2.89016e+10 1.46318e+11 
539058 354096 -2.98255e+10 1.46133e+11 
541830 357492 -3.07483e+10 1.45942e+11 
544599 360905 -3.16698e+10 1.45746e+11 
547364 364335 -3.25901e+10 1.45544e+11 
550125 367783 -3.35091e+10 1.45336e+11 
552882 371248 -3.44267e+10 1.45122e+11 
555635 374731 -3.5343e+10 1.44902e+11 
558384 378231 -3.62579e+10 1.44677e+11 
561128 381748 -3.71713e+10 1.44446e+11 
563868 385282 -3.80832e+10 1.44209e+11 
566604 388834 -3.89937e+10 1.43966e+11 
569334 392403 -3.99025e+10 1.43718e+11 
572060 395989 -4.08098e+10 1.43464e+11 
574781 399592 -4.17155e+10 1.43204e+11 
577498 403212 -4.26195e+10 1.42938e+11 
580209 406850 -4.35218e+10 1.42667e+11 
582914 410504 -4.44224e+10 1.4239e+11 
585615 414176 -4.53212e+10 1.42108e+11 
588310 417864 -4.62182e+10 1.41819e+11 
591000 421570 -4.71134e+10 1.41526e+11 
593684 425292 -4.80067e+10 1.41226e+11 
596362 429031 -4.88981e+10 1.40921e+11 
599034 432787 -4.97876e+10 1.4061e+11 
601701 436560 -5.0675e+10 1.40294e+11 
604361 440350 -5.15605e+10 1.39972e+11 
607015 444156 -5.24439e+10 1.39645e+11 
609663 447979 -5.33252e+10 1.39312e+11 
612305 451819 -5.42044e+10 1.38973e+11 
614940 455675 -5.50814e+10 1.38629e+11 
617568 459548 -5.59563e+10 1.3828e+11 
620190 463437 -5.68289e+10 1.37925e+11 
622805 467343 -5.76992e+10 1.37564e+11 
625413 471265 -5.85673e+10 1.37198e+11 
628014 475204 -5.9433e+10 1.36827e+11 
630608 479159 -6.02964e+10 1.3645e+11 
633195 483130 -6.11574e+10 1.36068e+11 
635775 487118 -6.20159e+10 1.3568e+11 
638347 491122 -6.2872e+10 1.35287e+11 
640911 495142 -6.37256e+10 1.34888e+11 
643468 499178 -6.45766e+10 1.34484e+11 
646018 503230 -6.54251e+10 1.34075e+11 
648559 507298 -6.6271e+10 1.33661e+11 
651093 511382 -6.71142e+10 1.33241e+11 
653618 515482 -6.79548e+10 1.32816e+11 
656135 519598 -6.87927e+10 1.32385e+11 
658645 523730 -6.96278e+10 1.31949e+11 
661146 527877 -7.04602e+10 1.31508e+11 
663638 532040 -7.12897e+10 1.31062e+11 
666122 536219 -7.21165e+10 1.30611e+11 
668597 540414 -7.29403e+10 1.30154e+11 
671064 544624 -7.37613e+10 1.29693e+11 
673522 548849 -7.45793e+10 1.29226e+11 
675971 553090 -7.53944e+10 1.28754e+11 
678410 557346 -7.62065e+10 1.28276e+11 
680841 561618 -7.70155e+10 1.27794e+11 
683263 565905 -7.78215e+10 1.27307e+11 
685675 570207 -7.86244e+10 1.26814e+11 
688078 574524 -7.94241e+10 1.26317e+11 
690471 578856 -8.02208e+10 1.25815e+11 
692855 583204 -8.10142e+10 1.25307e+11 
695230 587566 -8.18044e+10 1.24795e+11 
697594 591943 -8.25913e+10 1.24277e+11 
699948 596335 -8.3375e+10 1.23755e+11 
702293 600742 -8.41554e+10 1.23228e+11 
704628 605163 -8.49324e+10 1.22696e+11 
706952 609599 -8.5706e+10 1.22159e+11 
709266 614050 -8.64763e+10 1.21617e+11 
711570 618515 -8.72431e+10 1.2107e+11 
713864 622995 -8.80064e+10 1.20518e+11 
716147 627489 -8.87662e+10 1.19962e+11 
718419 631997 -8.95225e+10 1.19401e+11 
720681 636520 -9.02753e+10 1.18835e+11 
722931 641057 -9.10245e+10 1.18265e+11 
725172 645608 -9.177e+10 1.1769e+11 
727401 650173 -9.25119e+10 1.1711e+11 
729619 654751 -9.32502e+10 1.16525e+11 
731826 659344 -9.39847e+10 1.15936e+11 
734021 663951 -9.47155e+10 1.15342e+11 
736206 668571 -9.54425e+10 1.14744e+11 
738379 673205 -9.61658e+10 1.14141e+11 
740540 677853 -9.68852e+10 1.13533e+11 
742690 682514 -9.76008e+10 1.12921e+11 
744829 687189 -9.83125e+10 1.12305e+11 
746955 691877 -9.90203e+10 1.11684e+11 
749070 696579 -9.97242e+10 1.11059e+11 
751173 701294 -1.00424e+11 1.10429e+11 
753264 706021 -1.0112e+11 1.09795e+11 
755343 710762 -1.01812e+11 1.09156e+11 
757409 715516 -1.025e+11 1.08514e+11 
759464 720283 -1.03184e+11 1.07866e+11 
761506 725063 -1.03863e+11 1.07215e+11 
763536 729856 -1.04539e+11 1.06559e+11 
765553 734661 -1.0521e+11 1.05899e+11 
767558 739479 -1.05878e+11 1.05235e+11 
769550 744309 -1.06541e+11 1.04567e+11 
771530 749152 -1.072e+11 1.03895e+11 
773497 754008 -1.07854e+11 1.03218e+11 
775450 758875 -1.08504e+11 1.02537e+11 
777391 763755 -1.0915e+11 1.01853e+11 
779319 768647 -1.09792e+11 1.01164e+11 
781234 773551 -1.10429e+11 1.00471e+11 
783136 778467 -1.11062e+11 9.97745e+10 
785024 783395 -1.11691e+11 9.90738e+10 
786899 788335 -1.12315e+11 9.83692e+10 
788761 793286 -1.12935e+11 9.76606e+10 
790609 798249 -1.1355e+11 9.69482e+10 
792444 803224 -1.1416e+11 9.6232e+10 
794265 808210 -1.14766e+11 9.55119e+10 
796072 813207 -1.15368e+11 9.4788e+10 
797866 818216 -1.15965e+11 9.40604e+10 
799646 823236 -1.16557e+11 9.3329e+10 
801412 828267 -1.17145e+11 9.2594e+10 
803164 833309 -1.17728e+11 9.18553e+10 
804902 838363 -1.18307e+11 9.11129e+10 
806626 843426 -1.18881e+11 9.03669e+10 
808336 848501 -1.1945e+11 8.96174e+10 
810031 853587 -1.20014e+11 8.88643e+10 
811712 858683 -1.20574e+11 8.81076e+10 
813379 863789 -1.21128e+11 8.73475e+10 
815032 868906 -1.21678e+11 8.65839e+10 
816670 874033 -1.22223e+11 8.58169e+10 
818293 879170 -1.22764e+11 8.50465e+10 
819902 884318 -1.23299e+11 8.42727e+10 
821496 889475 -1.2383e+11 8.34955e+10 
823075 894643 -1.24355e+11 8.27151e+10 
824640 899820 -1.24876e+11 8.19314e+10 
826190 905007 -1.25392e+11 8.11444e+10 
827724 910204 -1.25903e+11 8.03542e+10 
829244 915410 -1.26409e+11 7.95609e+10 
830749 920626 -1.26909e+11 7.87643e+10 
832238 925851 -1.27405e+11 7.79647e+10 
833713 931086 -1.27896e+11 7.7162e+10 
835172 936329 -1.28382e+11 7.63562e+10 
836616 941582 -1.28862e+11 7.55474e+10 
838045 946844 -1.29338e+11 7.47356e+10 
839458 952114 -1.29808e+11 7.39208e+10 
840856 957394 -1.30273e+11 7.31031e+10 
842238 962682 -1.30733e+11 7.22825e+10 
843605 967978 -1.31188e+11 7.14591e+10 
844956 973284 -1.31638e+11 7.06328e+10 
846291 978597 -1.32082e+11 6.98038e+10 
847611 983919 -1.32522e+11 6.89719e+10 
848915 989249 -1.32956e+11 6.81374e+10 
850203 994587 -1.33384e+11 6.73001e+10 
851475 999934 -1.33808e+11 6.64602e+10 
852732 1.00529e+06 -1.34226e+11 6.56176e+10 
853972 1.01065e+06 -1.34639e+11 6.47725e+10 
855197 1.01602e+06 -1.35046e+11 6.39247e+10 
856405 1.0214e+06 -1.35449e+11 6.30745e+10 
857597 1.02678e+06 -1.35845e+11 6.22217e+10 
858773 1.03217e+06 -1.36237e+11 6.13665e+10 
859933 1.03757e+06 -1.36623e+11 6.05089e+10 
861077 1.04298e+06 -1.37004e+11 5.96489e+10 
862204 1.04839e+06 -1.37379e+11 5.87865e+10 
863315 1.05381e+06 -1.37749e+11 5.79218e+10 
864410 1.05924e+06 -1.38113e+11 5.70547e+10 
865488 1.06468e+06 -1.38472e+11 5.61855e+10 
866550 1.07012e+06 -1.38825e+11 5.5314e+10 
867595 1.07556e+06 -1.39173e+11 5.44403e+10 
868624 1.08102e+06 -1.39515e+11 5.35645e+10 
869636 1.08648e+06 -1.39852e+11 5.26865e+10 
870632 1.09195e+06 -1.40184e+11 5.18065e+10 
871610 1.09742e+06 -1.40509e+11 5.09244e+10 
872573 1.1029e+06 -1.4083e+11 5.00403e+10 
873518 1.10838e+06 -1.41144e+11 4.91543e+10 
874447 1.11387e+06 -1.41454e+11 4.82662e+10 
875359 1.11937e+06 -1.41757e+11 4.73763e+10 
876254 1.12487e+06 -1.42055e+11 4.64845e+10 
877132 1.13038e+06 -1.42347e+11 4.55909e+10 
877993 1.13589e+06 -1.42634e+11 4.46954e+10 
878837 1.14141e+06 -1.42915e+11 4.37982e+10 
879665 1.14693e+06 -1.4319e+11 4.28993e+10 
880475 1.15246e+06 -1.4346e+11 4.19987e+10 
881268 1.158e+06 -1.43724e+11 4.10964e+10 
882045 1.16353e+06 -1.43982e+11 4.01925e+10 
882804 1.16908e+06 -1.44235e+11 3.9287e+10 
883546 1.17463e+06 -1.44482e+11 3.83799e+10 
884271 1.18018e+06 -1.44723e+11 3.74713e+10 
884978 1.18573e+06 -1.44959e+11 3.65613e+10 
885669 1.1913e+06 -1.45189e+11 3.56498e+10 
886342 1.19686e+06 -1.45413e+11 3.47369e+10 
886998 1.20243e+06 -1.45631e+11 3.38226e+10 
887637 1.208e+06 -1.45844e+11 3.2907e+10 
888258 1.21358e+06 -1.4605e+11 3.19901e+10 
888862 1.21916e+06 -1.46251e+11 3.10719e+10 
889449 1.22475e+06 -1.46447e+11 3.01525e+10 
890018 1.23034e+06 -1.46636e+11 2.92319e+10 
890570 1.23593e+06 -1.4682e+11 2.83101e+10 
891105 1.24152e+06 -1.46998e+11 2.73873e+10 
891622 1.24712e+06 -1.4717e+11 2.64633e+10 
892121 1.25273e+06 -1.47336e+11 2.55383e+10 
892603 1.25833e+06 -1.47497e+11 2.46123e+10 
893068 1.26394e+06 -1.47651e+11 2.36853e+10 
893515 1.26955e+06 -1.478e+11 2.27574e+10 
893945 1.27516e+06 -1.47943e+11 2.18286e+10 
894357 1.28078e+06 -1.4808e+11 2.0899e+10 
894751 1.2864e+06 -1.48211e+11 1.99685e+10 
895128 1.29202e+06 -1.48337e+11 1.90372e+10 
895488 1.29764e+06 -1.48457e+11 1.81051e+10 
895829 1.30326e+06 -1.4857e+11 1.71724e+10 
896153 1.30889e+06 -1.48678e+11 1.6239e+10 
896460 1.31452e+06 -1.4878e+11 1.53049e+10 
896749 1.32015e+06 -1.48876e+11 1.43702e+10 
897020 1.32578e+06 -1.48967e+11 1.3435e+10 
897273 1.33142e+06 -1.49051e+11 1.24992e+10 
897509 1.33705e+06 -1.49129e+11 1.1563e+10 
897727 1.34269e+06 -1.49202e+11 1.06263e+10 
897928 1.34833e+06 -1.49269e+11 9.68912e+09 
898111 1.35397e+06 -1.4933e+11 8.7516e+09 
898276 1.35961e+06 -1.49385e+11 7.81374e+09 
898423 1.36525e+06 -1.49434e+11 6.87556e+09 
898553 1.37089e+06 -1.49477e+11 5.93712e+09 
898665 1.37654e+06 -1.49514e+11 4.99845e+09 
898759 1.38218e+06 -1.49545e+11 4.05957e+09 
898836 1.38782e+06 -1.49571e+11 3.12054e+09 
898895 1.39347e+06 -1.49591e+11 2.18138e+09 
898936 1.39911e+06 -1.49604e+11 1.24214e+09 
898959 1.40476e+06 -1.49612e+11 3.02851e+08 
898965 1.4104e+06 -1.49614e+11 -6.36452e+08 
898953 1.41605e+06 -1.4961e+11 -1.57573e+09 
898923 1.42169e+06 -1.496e+11 -2.51495e+09 
898876 1.42733e+06 -1.49584e+11 -3.45406e+09 
898810 1.43298e+06 -1.49562e+11 -4.39304e+09 
898728 1.43862e+06 -1.49535e+11 -5.33185e+09 
898627 1.44426e+06 -1.49501e+11 -6.27045e+09 
898509 1.44991e+06 -1.49462e+11 -7.2088e+09 
898373 1.45555e+06 -1.49417e+11 -8.14686e+09 
898219 1.46119e+06 -1.49366e+11 -9.08461e+09 
898048 1.46683e+06 -1.49309e+11 -1.0022e+10 
897859 1.47246e+06 -1.49246e+11 -1.0959e+10 
897652 1.4781e+06 -1.49177e+11 -1.18955e+10 
897428 1.48374e+06 -1.49102e+11 -1.28316e+10 
897186 1.48937e+06 -1.49022e+11 -1.37672e+10 
896926 1.495e+06 -1.48935e+11 -1.47023e+10 
896649 1.50063e+06 -1.48843e+11 -1.56367e+10 
896354 1.50626e+06 -1.48745e+11 -1.65706e+10 
896041 1.51189e+06 -1.48641e+11 -1.75038e+10 
895711 1.51751e+06 -1.48531e+11 -1.84363e+10 
895364 1.52313e+06 -1.48415e+11 -1.93681e+10 
894999 1.52875e+06 -1.48294e+11 -2.02991e+10 
894616 1.53437e+06 -1.48166e+11 -2.12293e+10 
894216 1.53999e+06 -1.48033e+11 -2.21587e+10 
893798 1.5456e+06 -1.47894e+11 -2.30872e+10 
893363 1.55121e+06 -1.47749e+11 -2.40148e+10 
892910 1.55681e+06 -1.47599e+11 -2.49415e+10 
892440 1.56242e+06 -1.47442e+11 -2.58671e+10 
891952 1.56802e+06 -1.4728e+11 -2.67918e+10 
891447 1.57362e+06 -1.47112e+11 -2.77154e+10 
890925 1.57921e+06 -1.46938e+11 -2.86379e+10 
890385 1.5848e+06 -1.46758e+11 -2.95593e+10 
889828 1.59039e+06 -1.46573e+11 -3.04795e+10 
889254 1.59597e+06 -1.46382e+11 -3.13985e+10 
888662 1.60155e+06 -1.46185e+11 -3.23163e+10 
888053 1.60713e+06 -1.45982e+11 -3.32328e+10 
887427 1.6127e+06 -1.45774e+11 -3.4148e+10 
886783 1.61827e+06 -1.45559e+11 -3.50619e+10 
886122 1.62383e+06 -1.45339e+11 -3.59744e+10 
885444 1.62939e+06 -1.45114e+11 -3.68855e+10 
884749 1.63495e+06 -1.44883e+11 -3.77951e+10 
884037 1.6405e+06 -1.44646e+11 -3.87032e+10 
883308 1.64605e+06 -1.44403e+11 -3.96098e+10 
882562 1.65159e+06 -1.44154e+11 -4.05149e+10 
881798 1.65713e+06 -1.439e+11 -4.14184e+10 
881018 1.66266e+06 -1.43641e+11 -4.23202e+10 
880221 1.66819e+06 -1.43375e+11 -4.32204e+10 
879407 1.67371e+06 -1.43104e+11 -4.41188e+10 
878575 1.67923e+06 -1.42828e+11 -4.50156e+10 
877727 1.68474e+06 -1.42545e+11 -4.59105e+10 
876863 1.69024e+06 -1.42258e+11 -4.68037e+10 
875981 1.69574e+06 -1.41964e+11 -4.7695e+10 
875083 1.70124e+06 -1.41665e+11 -4.85845e+10 
874167 1.70673e+06 -1.41361e+11 -4.9472e+10 
873236 1.71221e+06 -1.4105e+11 -5.03576e+10 
872287 1.71769e+06 -1.40735e+11 -5.12412e+10 
871322 1.72316e+06 -1.40414e+11 -5.21228e+10 
870340 1.72863e+06 -1.40087e+11 -5.30024e+10 
869342 1.73408e+06 -1.39755e+11 -5.38798e+10 
868328 1.73954e+06 -1.39417e+11 -5.47552e+10 
867296 1.74498e+06 -1.39074e+11 -5.56284e+10 
866249 1.75042e+06 -1.38725e+11 -5.64994e+10 
865185 1.75586e+06 -1.38371e+11 -5.73682e+10 
864105 1.76128e+06 -1.38011e+11 -5.82348e+10 
863008 1.7667e+06 -1.37646e+11 -5.9099e+10 
861895 1.77211e+06 -1.37276e+11 -5.99609e+10 
860766 1.77752e+06 -1.369e+11 -6.08205e+10 
859621 1.78292e+06 -1.36519e+11 -6.16777e+10 
858460 1.78831e+06 -1.36133e+11 -6.25325e+10 
857283 1.79369e+06 -1.35741e+11 -6.33848e+10 
856089 1.79907e+06 -1.35344e+11 -6.42346e+10 
854880 1.80444e+06 -1.34941e+11 -6.50819e+10 
853655 1.8098e+06 -1.34533e+11 -6.59267e+10 
852414 1.81515e+06 -1.3412e+11 -6.67689e+10 
851157 1.82049e+06 -1.33702e+11 -6.76084e+10 
849884 1.82583e+06 -1.33278e+11 -6.84453e+10 
848596 1.83116e+06 -1.3285e+11 -6.92795e+10 
847292 1.83648e+06 -1.32416e+11 -7.0111e+10 
845972 1.84179e+06 -1.31976e+11 -7.09397e+10 
844637 1.8471e+06 -1.31532e+11 -7.17656e+10 
843286 1.85239e+06 -1.31082e+11 -7.25888e+10 
841920 1.85768e+06 -1.30628e+11 -7.34091e+10 
840539 1.86296e+06 -1.30168e+11 -7.42265e+10 
839142 1.86823e+06 -1.29703e+11 -7.50409e+10 
837729 1.87349e+06 -1.29233e+11 -7.58525e+10 
836302 1.87874e+06 -1.28758e+11 -7.66611e+10 
834859 1.88398e+06 -1.28278e+11 -7.74666e+10 
833402 1.88922e+06 -1.27792e+11 -7.82691e+10 
831929 1.89444e+06 -1.27302e+11 -7.90686e+10 
830441 1.89966e+06 -1.26807e+11 -7.98649e+10 
828938 1.90486e+06 -1.26307e+11 -8.06582e+10 
827421 1.91006e+06 -1.25802e+11 -8.14482e+10 
825888 1.91525e+06 -1.25292e+11 -8.22351e+10 
824341 1.92042e+06 -1.24777e+11 -8.30187e+10 
822779 1.92559e+06 -1.24257e+11 -8.37991e+10 
821202 1.93075e+06 -1.23732e+11 -8.45762e+10 
819611 1.9359e+06 -1.23203e+11 -8.53499e+10 
818006 1.94103e+06 -1.22668e+11 -8.61204e+10 
816386 1.94616e+06 -1.22129e+11 -8.68874e+10 
814751 1.95128e+06 -1.21585e+11 -8.76511e+10 
813102 1.95639e+06 -1.21036e+11 -8.84113e+10 
811439 1.96148e+06 -1.20483e+11 -8.9168e+10 
809762 1.96657e+06 -1.19924e+11 -8.99213e+10 
808071 1.97164e+06 -1.19361e+11 -9.0671e+10 
806365 1.97671e+06 -1.18794e+11 -9.14172e+10 
804646 1.98176e+06 -1.18222e+11 -9.21597e+10 
802912 1.9868e+06 -1.17645e+11 -9.28987e+10 
801165 1.99184e+06 -1.17063e+11 -9.36341e+10 
799404 1.99686e+06 -1.16477e+11 -9.43657e+10 
797629 2.00187e+06 -1.15886e+11 -9.50937e+10 
795841 2.00686e+06 -1.15291e+11 -9.58179e+10 
794039 2.01185e+06 -1.14691e+11 -9.65384e+10 
792224 2.01683e+06 -1.14087e+11 -9.72551e+10 
790395 2.02179e+06 -1.13478e+11 -9.7968e+10 
788553 2.02675e+06 -1.12865e+11 -9.8677e+10 
786697 2.03169e+06 -1.12248e+11 -9.93822e+10 
784829 2.03662e+06 -1.11626e+11 -1.00084e+11 
782947 2.04153e+06 -1.10999e+11 -1.00781e+11 
781052 2.04644e+06 -1.10369e+11 -1.01474e+11 
779144 2.05133e+06 -1.09734e+11 -1.02164e+11 
777223 2.05622e+06 -1.09094e+11 -1.02849e+11 
775289 2.06109e+06 -1.08451e+11 -1.03531e+11 
773343 2.06594e+06 -1.07803e+11 -1.04208e+11 
771384 2.07079e+06 -1.07151e+11 -1.04881e+11 
769412 2.07562e+06 -1.06495e+11 -1.0555e+11 
767428 2.08044e+06 -1.05834e+11 -1.06216e+11 
765431 2.08525e+06 -1.0517e+11 -1.06876e+11 
763422 2.09005e+06 -1.04501e+11 -1.07533e+11 
761401 2.09483e+06 -1.03828e+11 -1.08186e+11 
759367 2.0996e+06 -1.03151e+11 -1.08834e+11 
757322 2.10436e+06 -1.02471e+11 -1.09478e+11 
755264 2.1091e+06 -1.01786e+11 -1.10118e+11 
753194 2.11384e+06 -1.01097e+11 -1.10753e+11 
751112 2.11855e+06 -1.00404e+11 -1.11384e+11 
749019 2.12326e+06 -9.97072e+10 -1.12011e+11 
746914 2.12795e+06 -9.90066e+10 -1.12633e+11 
744797 2.13263e+06 -9.8302e+10 -1.13251e+11 
742669 2.1373e+06 -9.75936e+10 -1.13864e+11 
740529 2.14195e+06 -9.68814e+10 -1.14473e+11 
738378 2.14659e+06 -9.61654e+10 -1.15078e+11 
736215 2.15121e+06 -9.54457e+10 -1.15678e+11 
734041 2.15583e+06 -9.47222e+10 -1.16273e+11 
731856 2.16042e+06 -9.3995e+10 -1.16864e+11 
729660 2.16501e+06 -9.32641e+10 -1.17451e+11 
727454 2.16958e+06 -9.25295e+10 -1.18033e+11 
725236 2.17414e+06 -9.17914e+10 -1.1861e+11 
723007 2.17868e+06 -9.10496e+10 -1.19182e+11 
720768 2.18321e+06 -9.03043e+10 -1.1975e+11 
718518 2.18772e+06 -8.95555e+10 -1.20313e+11 
716258 2.19222e+06 -8.88032e+10 -1.20872e+11 
713987 2.19671e+06 -8.80473e+10 -1.21425e+11 
711705 2.20118e+06 -8.72881e+10 -1.21974e+11 
709414 2.20564e+06 -8.65254e+10 -1.22519e+11 
707112 2.21008e+06 -8.57593e+10 -1.23058e+11 
704801 2.21451e+06 -8.49899e+10 -1.23593e+11 
702479 2.21892e+06 -8.42172e+10 -1.24122e+11 
700147 2.22332e+06 -8.34411e+10 -1.24647e+11 
697806 2.22771e+06 -8.26618e+10 -1.25167e+11 
695455 2.23208e+06 -8.18793e+10 -1.25682e+11 
693094 2.23644e+06 -8.10936e+10 -1.26193e+11 
690724 2.24078e+06 -8.03046e+10 -1.26698e+11 
688344 2.2451e+06 -7.95126e+10 -1.27198e+11 
685955 2.24941e+06 -7.87174e+10 -1.27694e+11 
683556 2.25371e+06 -7.79192e+10 -1.28184e+11 
681149 2.25799e+06 -7.71179e+10 -1.28669e+11 
678732 2.26226e+06 -7.63136e+10 -1.2915e+11 
676307 2.26651e+06 -7.55063e+10 -1.29625e+11 
673872 2.27074e+06 -7.46961e+10 -1.30095e+11 
671429 2.27496e+06 -7.38829e+10 -1.3056e+11 
668977 2.27917e+06 -7.30669e+10 -1.3102e+11 
666517 2.28336e+06 -7.2248e+10 -1.31475e+11 
664048 2.28753e+06 -7.14262e+10 -1.31925e+11 
661571 2.29169e+06 -7.06017e+10 -1.3237e+11 
659085 2.29583e+06 -6.97744e+10 -1.32809e+11 
656591 2.29996e+06 -6.89444e+10 -1.33243e+11 
654090 2.30407e+06 -6.81117e+10 -1.33672e+11 
651580 2.30817e+06 -6.72763e+10 -1.34096e+11 
649062 2.31225e+06 -6.64383e+10 -1.34515e+11 
646536 2.31631e+06 -6.55978e+10 -1.34928e+11 
644003 2.32036e+06 -6.47546e+10 -1.35336e+11 
641462 2.32439e+06 -6.39089e+10 -1.35739e+11 
638914 2.32841e+06 -6.30607e+10 -1.36136e+11 
636358 2.33241e+06 -6.22101e+10 -1.36528e+11 
633795 2.33639e+06 -6.1357e+10 -1.36915e+11 
631224 2.34036e+06 -6.05015e+10 -1.37296e+11 
628647 2.34431e+06 -5.96436e+10 -1.37672e+11 
626063 2.34825e+06 -5.87835e+10 -1.38043e+11 
623471 2.35217e+06 -5.7921e+10 -1.38408e+11 
620873 2.35607e+06 -5.70562e+10 -1.38768e+11 
618268 2.35996e+06 -5.61893e+10 -1.39122e+11 
615657 2.36383e+06 -5.53201e+10 -1.39471e+11 
613039 2.36769e+06 -5.44488e+10 -1.39815e+11 
610415 2.37153e+06 -5.35753e+10 -1.40153e+11 
607784 2.37535e+06 -5.26997e+10 -1.40486e+11 
605147 2.37915e+06 -5.18221e+10 -1.40813e+11 
602504 2.38294e+06 -5.09425e+10 -1.41134e+11 
599855 2.38671e+06 -5.00609e+10 -1.4145e+11 
597201 2.39047e+06 -4.91773e+10 -1.41761e+11 
594540 2.39421e+06 -4.82918e+10 -1.42066e+11 
591874 2.39793e+06 -4.74044e+10 -1.42366e+11 
589202 2.40164e+06 -4.65151e+10 -1.42659e+11 
586525 2.40533e+06 -4.56241e+10 -1.42948e+11 
583842 2.409e+06 -4.47312e+10 -1.43231e+11 
581155 2.41265e+06 -4.38366e+10 -1.43508e+11 
578462 2.41629e+06 -4.29403e+10 -1.43779e+11 
575764 2.41991e+06 -4.20424e+10 -1.44045e+11 
573061 2.42352e+06 -4.11427e+10 -1.44305e+11 
570353 2.42711e+06 -4.02415e+10 -1.4456e+11 
567640 2.43068e+06 -3.93387e+10 -1.44809e+11 
564923 2.43423e+06 -3.84344e+10 -1.45052e+11 
562202 2.43777e+06 -3.75285e+10 -1.4529e+11 
559476 2.44129e+06 -3.66212e+10 -1.45522e+11 
556745 2.44479e+06 -3.57125e+10 -1.45749e+11 
554011 2.44828e+06 -3.48023e+10 -1.45969e+11 
551272 2.45174e+06 -3.38908e+10 -1.46184e+11 
548529 2.4552e+06 -3.2978e+10 -1.46393e+11 
545783 2.45863e+06 -3.20639e+10 -1.46597e+11 
543033 2.46205e+06 -3.11485e+10 -1.46795e+11 
540279 2.46545e+06 -3.0232e+10 -1.46987e+11 
537521 2.46883e+06 -2.93142e+10 -1.47173e+11 
534761 2.47219e+06 -2.83953e+10 -1.47353e+11 
531996 2.47554e+06 -2.74753e+10 -1.47528e+11 
529229 2.47887e+06 -2.65542e+10 -1.47697e+11 
526458 2.48218e+06 -2.56321e+10 -1.47861e+11 
523685 2.48548e+06 -2.47089e+10 -1.48018e+11 
520908 2.48876e+06 -2.37849e+10 -1.4817e+11 
518129 2.49202e+06 -2.28598e+10 -1.48316e+11 
515347 2.49526e+06 -2.19339e+10 -1.48456e+11 
512563 2.49849e+06 -2.10072e+10 -1.4859e+11 
509776 2.5017e+06 -2.00796e+10 -1.48719e+11 
506986 2.50489e+06 -1.91512e+10 -1.48841e+11 
504195 2.50806e+06 -1.82221e+10 -1.48958e+11 
501401 2.51122e+06 -1.72922e+10 -1.49069e+11 
498605 2.51436e+06 -1.63617e+10 -1.49175e+11 
495808 2.51748e+06 -1.54306e+10 -1.49274e+11 
493008 2.52058e+06 -1.44988e+10 -1.49368e+11 
490207 2.52367e+06 -1.35665e+10 -1.49455e+11 
487404 2.52674e+06 -1.26337e+10 -1.49537e+11 
484600 2.52979e+06 -1.17003e+10 -1.49613e+11 
481795 2.53282e+06 -1.07665e+10 -1.49684e+11 
478988 2.53584e+06 -9.83231e+09 -1.49748e+11 
476180 2.53884e+06 -8.89771e+09 -1.49807e+11 
473371 2.54182e+06 -7.96276e+09 -1.49859e+11 
470561 2.54478e+06 -7.0275e+09 -1.49906e+11 
467750 2.54773e+06 -6.09197e+09 -1.49947e+11 
464938 2.55066e+06 -5.15619e+09 -1.49982e+11 
462126 2.55357e+06 -4.22022e+09 -1.50011e+11 
459313 2.55646e+06 -3.28408e+09 -1.50035e+11 
456500 2.55934e+06 -2.34781e+09 -1.50052e+11 
453687 2.56219e+06 -1.41145e+09 -1.50064e+11 
450873 2.56503e+06 -4.75039e+08 -1.5007e+11 
448060 2.56786e+06 4.61394e+08 -1.5007e+11 
445246 2.57066e+06 1.39781e+09 -1.50064e+11 
442433 2.57345e+06 2.33417e+09 -1.50052e+11 
439620 2.57622e+06 3.27044e+09 -1.50035e+11 
436807 2.57897e+06 4.20658e+09 -1.50011e+11 
433995 2.5817e+06 5.14256e+09 -1.49982e+11 
431184 2.58442e+06 6.07833e+09 -1.49947e+11 
428373 2.58712e+06 7.01387e+09 -1.49906e+11 
425563 2.5898e+06 7.94914e+09 -1.49859e+11 
422754 2.59247e+06 8.88409e+09 -1.49806e+11 
419946 2.59511e+06 9.8187e+09 -1.49747e+11 
417139 2.59774e+06 1.07529e+10 -1.49683e+11 
414333 2.60035e+06 1.16867e+10 -1.49612e+11 
411529 2.60295e+06 1.26201e+10 -1.49536e+11 
408726 2.60552e+06 1.35529e+10 -1.49454e+11 
405925 2.60808e+06 1.44853e+10 -1.49367e+11 
403125 2.61062e+06 1.5417e+10 -1.49273e+11 
400328 2.61315e+06 1.63482e+10 -1.49173e+11 
397532 2.61565e+06 1.72787e+10 -1.49068e+11 
394738 2.61814e+06 1.82085e+10 -1.48957e+11 
391947 2.62061e+06 1.91377e+10 -1.4884e+11 
389157 2.62307e+06 2.00661e+10 -1.48717e+11 
386370 2.6255e+06 2.09937e+10 -1.48589e+11 
383586 2.62792e+06 2.19204e+10 -1.48454e+11 
380804 2.63032e+06 2.28464e+10 -1.48314e+11 
378024 2.63271e+06 2.37714e+10 -1.48168e+11 
375248 2.63507e+06 2.46955e+10 -1.48016e+11 
372474 2.63742e+06 2.56186e+10 -1.47859e+11 
369704 2.63976e+06 2.65408e+10 -1.47695e+11 
366936 2.64207e+06 2.74619e+10 -1.47526e+11 
364172 2.64437e+06 2.83819e+10 -1.47351e+11 
361411 2.64665e+06 2.93008e+10 -1.47171e+11 
358654 2.64891e+06 3.02186e+10 -1.46984e+11 
355900 2.65115e+06 3.11352e+10 -1.46792e+11 
353149 2.65338e+06 3.20506e+10 -1.46594e+11 
350403 2.65559e+06 3.29647e+10 -1.46391e+11 
347660 2.65779e+06 3.38775e+10 -1.46181e+11 
344922 2.65996e+06 3.47891e+10 -1.45966e+11 
342187 2.66212e+06 3.56992e+10 -1.45746e+11 
339457 2.66427e+06 3.6608e+10 -1.45519e+11 
336731 2.66639e+06 3.75153e+10 -1.45287e+11 
334009 2.6685e+06 3.84212e+10 -1.45049e+11 
331292 2.67059e+06 3.93255e+10 -1.44806e+11 
328579 2.67267e+06 4.02284e+10 -1.44557e+11 
325871 2.67472e+06 4.11296e+10 -1.44302e+11 
323168 2.67676e+06 4.20293e+10 -1.44042e+11 
320470 2.67879e+06 4.29273e+10 -1.43776e+11 
317777 2.68079e+06 4.38236e+10 -1.43504e+11 
315089 2.68278e+06 4.47182e+10 -1.43227e+11 
312407 2.68476e+06 4.56111e+10 -1.42944e+11 
309729 2.68671e+06 4.65022e+10 -1.42656e+11 
307057 2.68865e+06 4.73914e+10 -1.42362e+11 
304391 2.69057e+06 4.82788e+10 -1.42062e+11 
301731 2.69248e+06 4.91644e+10 -1.41757e+11 
299076 2.69437e+06 5.0048e+10 -1.41446e+11 
296427 2.69624e+06 5.09296e+10 -1.4113e+11 
293784 2.6981e+06 5.18093e+10 -1.40808e+11 
291147 2.69994e+06 5.26869e+10 -1.40481e+11 
288516 2.70176e+06 5.35625e+10 -1.40149e+11 
285892 2.70357e+06 5.4436e+10 -1.3981e+11 
283274 2.70536e+06 5.53073e+10 -1.39467e+11 
280662 2.70713e+06 5.61765e+10 -1.39118e+11 
278057 2.70889e+06 5.70435e+10 -1.38763e+11 
275459 2.71063e+06 5.79083e+10 -1.38403e+11 
272868 2.71235e+06 5.87708e+10 -1.38038e+11 
270283 2.71406e+06 5.9631e+10 -1.37667e+11 
267706 2.71575e+06 6.04889e+10 -1.37291e+11 
265135 2.71743e+06 6.13444e+10 -1.36909e+11 
262572 2.71909e+06 6.21975e+10 -1.36523e+11 
260016 2.72074e+06 6.30482e+10 -1.3613e+11 
257468 2.72236e+06 6.38964e+10 -1.35733e+11 
254927 2.72398e+06 6.47421e+10 -1.3533e+11 
252393 2.72557e+06 6.55853e+10 -1.34922e+11 
249868 2.72715e+06 6.64259e+10 -1.34509e+11 
247350 2.72872e+06 6.7264e+10 -1.3409e+11 
244840 2.73027e+06 6.80994e+10 -1.33666e+11 
242338 2.7318e+06 6.89321e+10 -1.33237e+11 
239844 2.73332e+06 6.97621e+10 -1.32803e+11 
237358 2.73482e+06 7.05894e+10 -1.32363e+11 
234881 2.73631e+06 7.1414e+10 -1.31918e+11 
232412 2.73778e+06 7.22358e+10 -1.31469e+11 
229952 2.73923e+06 7.30547e+10 -1.31014e+11 
227500 2.74067e+06 7.38708e+10 -1.30553e+11 
225056 2.7421e+06 7.46839e+10 -1.30088e+11 
222622 2.74351e+06 7.54942e+10 -1.29618e+11 
220196 2.7449e+06 7.63015e+10 -1.29142e+11 
217780 2.74628e+06 7.71058e+10 -1.28662e+11 
215372 2.74765e+06 7.79072e+10 -1.28177e+11 
212974 2.74899e+06 7.87054e+10 -1.27686e+11 
210585 2.75033e+06 7.95006e+10 -1.27191e+11 
208205 2.75165e+06 8.02927e+10 -1.2669e+11 
205835 2.75295e+06 8.10816e+10 -1.26185e+11 
203474 2.75424e+06 8.18674e+10 -1.25674e+11 
201122 2.75552e+06 8.26499e+10 -1.25159e+11 
198781 2.75677e+06 8.34292e+10 -1.24639e+11 
196449 2.75802e+06 8.42053e+10 -1.24114e+11 
194127 2.75925e+06 8.49781e+10 -1.23584e+11 
191816 2.76047e+06 8.57475e+10 -1.23049e+11 
189514 2.76167e+06 8.65136e+10 -1.2251e+11 
187222 2.76286e+06 8.72763e+10 -1.21965e+11 
184941 2.76403e+06 8.80356e+10 -1.21416e+11 
182670 2.76519e+06 8.87914e+10 -1.20862e+11 
180410 2.76633e+06 8.95438e+10 -1.20304e+11 
178160 2.76746e+06 9.02926e+10 -1.1974e+11 
175920 2.76858e+06 9.1038e+10 -1.19173e+11 
173692 2.76968e+06 9.17797e+10 -1.186e+11 
171474 2.77077e+06 9.25179e+10 -1.18023e+11 
169267 2.77184e+06 9.32524e+10 -1.17441e+11 
167071 2.7729e+06 9.39833e+10 -1.16854e+11 
164886 2.77395e+06 9.47106e+10 -1.16263e+11 
162712 2.77498e+06 9.54341e+10 -1.15667e+11 
160550 2.776e+06 9.61538e+10 -1.15067e+11 
158398 2.77701e+06 9.68699e+10 -1.14463e+11 
156258 2.778e+06 9.75821e+10 -1.13853e+11 
154130 2.77898e+06 9.82905e+10 -1.1324e+11 
152013 2.77994e+06 9.8995e+10 -1.12622e+11 
149908 2.7809e+06 9.96957e+10 -1.11999e+11 
147815 2.78184e+06 1.00392e+11 -1.11372e+11 
145733 2.78276e+06 1.01085e+11 -1.10741e+11 
143663 2.78367e+06 1.01774e+11 -1.10106e+11 
141605 2.78457e+06 1.02459e+11 -1.09466e+11 
139560 2.78546e+06 1.0314e+11 -1.08822e+11 
137526 2.78634e+06 1.03817e+11 -1.08173e+11 
135505 2.7872e+06 1.0449e+11 -1.07521e+11 
133496 2.78805e+06 1.05158e+11 -1.06864e+11 
131499 2.78888e+06 1.05823e+11 -1.06203e+11 
129515 2.78971e+06 1.06483e+11 -1.05538e+11 
127543 2.79052e+06 1.07139e+11 -1.04868e+11 
125584 2.79132e+06 1.07792e+11 -1.04195e+11 
123638 2.79211e+06 1.08439e+11 -1.03517e+11 
121704 2.79288e+06 1.09083e+11 -1.02836e+11 
119783 2.79364e+06 1.09722e+11 -1.0215e+11 
117875 2.79439e+06 1.10357e+11 -1.0146e+11 
115980 2.79513e+06 1.10988e+11 -1.00767e+11 
114098 2.79586e+06 1.11614e+11 -1.00069e+11 
112230 2.79657e+06 1.12236e+11 -9.93678e+10 
110374 2.79728e+06 1.12854e+11 -9.86625e+10 
108532 2.79797e+06 1.13467e+11 -9.79533e+10 
106703 2.79865e+06 1.14076e+11 -9.72402e+10 
104888 2.79932e+06 1.1468e+11 -9.65233e+10 
103086 2.79998e+06 1.15279e+11 -9.58027e+10 
101298 2.80062e+06 1.15875e+11 -9.50783e+10 
99523.2 2.80126e+06 1.16465e+11 -9.43501e+10 
97762.2 2.80188e+06 1.17051e+11 -9.36183e+10 
96015.1 2.80249e+06 1.17633e+11 -9.28828e+10 
94281.8 2.8031e+06 1.1821e+11 -9.21436e+10 
92562.4 2.80369e+06 1.18782e+11 -9.14009e+10 
90857.1 2.80427e+06 1.1935e+11 -9.06545e+10 
89165.8 2.80484e+06 1.19913e+11 -8.99046e+10 
87488.6 2.8054e+06 1.20471e+11 -8.91512e+10 
85825.6 2.80594e+06 1.21024e+11 -8.83943e+10 
84176.9 2.80648e+06 1.21573e+11 -8.76339e+10 
82542.5 2.80701e+06 1.22117e+11 -8.68701e+10 
80922.5 2.80753e+06 1.22656e+11 -8.61028e+10 
79316.9 2.80803e+06 1.23191e+11 -8.53322e+10 
77725.9 2.80853e+06 1.2372e+11 -8.45583e+10 
76149.4 2.80902e+06 1.24245e+11 -8.3781e+10 
74587.6 2.8095e+06 1.24765e+11 -8.30004e+10 
73040.5 2.80996e+06 1.2528e+11 -8.22166e+10 
71508.2 2.81042e+06 1.2579e+11 -8.14296e+10 
69990.7 2.81087e+06 1.26295e+11 -8.06393e+10 
68488 2.81131e+06 1.26795e+11 -7.98459e+10 
67000.4 2.81174e+06 1.2729e+11 -7.90494e+10 
65527.7 2.81216e+06 1.2778e+11 -7.82497e+10 
64070.1 2.81257e+06 1.28265e+11 -7.7447e+10 
62627.6 2.81297e+06 1.28745e+11 -7.66413e+10 
61200.4 2.81336e+06 1.2922e+11 -7.58325e+10 
59788.3 2.81375e+06 1.2969e+11 -7.50208e+10 
58391.5 2.81412e+06 1.30155e+11 -7.42061e+10 
57010.1 2.81449e+06 1.30615e+11 -7.33885e+10 
55644.1 2.81485e+06 1.3107e+11 -7.25681e+10 
54293.6 2.81519e+06 1.31519e+11 -7.17447e+10 
52958.6 2.81554e+06 1.31964e+11 -7.09186e+10 
51639.1 2.81587e+06 1.32403e+11 -7.00897e+10 
50335.3 2.81619e+06 1.32837e+11 -6.9258e+10 
49047.1 2.81651e+06 1.33265e+11 -6.84236e+10 
47774.6 2.81681e+06 1.33689e+11 -6.75865e+10 
46518 2.81711e+06 1.34107e+11 -6.67468e+10 
45277.1 2.81741e+06 1.3452e+11 -6.59044e+10 
44052.1 2.81769e+06 1.34928e+11 -6.50595e+10 
42843.1 2.81797e+06 1.3533e+11 -6.4212e+10 
41650 2.81823e+06 1.35727e+11 -6.3362e+10 
40472.9 2.8185e+06 1.36119e+11 -6.25095e+10 
39311.9 2.81875e+06 1.36506e+11 -6.16545e+10 
38167 2.819e+06 1.36887e+11 -6.07971e+10 
37038.3 2.81924e+06 1.37262e+11 -5.99373e+10 
35925.8 2.81947e+06 1.37633e+11 -5.90752e+10 
34829.5 2.81969e+06 1.37997e+11 -5.82107e+10 
33749.5 2.81991e+06 1.38357e+11 -5.7344e+10 
32685.9 2.82012e+06 1.38711e+11 -5.6475e+10 
31638.6 2.82033e+06 1.39059e+11 -5.56038e+10 
30607.7 2.82053e+06 1.39403e+11 -5.47304e+10 
29593.3 2.82072e+06 1.3974e+11 -5.38548e+10 
28595.4 2.8209e+06 1.40072e+11 -5.29772e+10 
27614.1 2.82108e+06 1.40399e+11 -5.20974e+10 
26649.3 2.82126e+06 1.4072e+11 -5.12156e+10 
25701.2 2.82142e+06 1.41036e+11 -5.03318e+10 
24769.7 2.82159e+06 1.41346e+11 -4.9446e+10 
23854.9 2.82174e+06 1.4165e+11 -4.85583e+10 
22956.8 2.82189e+06 1.41949e+11 -4.76686e+10 
22075.5 2.82204e+06 1.42242e+11 -4.67771e+10 
21211.1 2.82217e+06 1.4253e+11 -4.58838e+10 
20363.4 2.82231e+06 1.42812e+11 -4.49886e+10 
19532.6 2.82243e+06 1.43089e+11 -4.40917e+10 
18718.8 2.82256e+06 1.4336e+11 -4.3193e+10 
17921.8 2.82267e+06 1.43625e+11 -4.22926e+10 
17141.9 2.82279e+06 1.43884e+11 -4.13906e+10 
16379 2.82289e+06 1.44138e+11 -4.04869e+10 
15633 2.823e+06 1.44387e+11 -3.95817e+10 
14904.2 2.8231e+06 1.44629e+11 -3.86749e+10 
14192.5 2.82319e+06 1.44866e+11 -3.77666e+10 
13497.8 2.82328e+06 1.45097e+11 -3.68567e+10 
12820.4 2.82336e+06 1.45323e+11 -3.59455e+10 
12160.1 2.82344e+06 1.45543e+11 -3.50328e+10 
11517 2.82352e+06 1.45757e+11 -3.41187e+10 
10891.1 2.82359e+06 1.45965e+11 -3.32033e+10 
10282.6 2.82366e+06 1.46167e+11 -3.22866e+10 
9691.25 2.82372e+06 1.46364e+11 -3.13687e+10 
9117.26 2.82379e+06 1.46555e+11 -3.04494e+10 
8560.6 2.82384e+06 1.46741e+11 -2.9529e+10 
8021.29 2.8239e+06 1.4692e+11 -2.86075e+10 
7499.36 2.82395e+06 1.47094e+11 -2.76848e+10 
6994.84 2.82399e+06 1.47262e+11 -2.6761e+10 
6507.73 2.82404e+06 1.47424e+11 -2.58361e+10 
6038.06 2.82408e+06 1.4758e+11 -2.49103e+10 
5585.85 2.82412e+06 1.47731e+11 -2.39834e+10 
5151.12 2.82415e+06 1.47875e+11 -2.30556e+10 
4733.89 2.82418e+06 1.48014e+11 -2.21269e+10 
4334.17 2.82421e+06 1.48147e+11 -2.11974e+10 
3951.98 2.82424e+06 1.48274e+11 -2.0267e+10 
3587.34 2.82427e+06 1.48396e+11 -1.93358e+10 
3240.26 2.82429e+06 1.48511e+11 -1.84038e+10 
2910.76 2.82431e+06 1.48621e+11 -1.74711e+10 
2598.85 2.82433e+06 1.48725e+11 -1.65377e+10 
2304.54 2.82434e+06 1.48823e+11 -1.56037e+10 
2027.85 2.82436e+06 1.48915e+11 -1.46691e+10 
1768.79 2.82437e+06 1.49001e+11 -1.37338e+10 
1527.37 2.82438e+06 1.49081e+11 -1.27981e+10 
1303.61 2.82439e+06 1.49156e+11 -1.18618e+10 
1097.5 2.8244e+06 1.49224e+11 -1.09251e+10 
909.06 2.82441e+06 1.49287e+11 -9.98792e+09 
738.301 2.82441e+06 1.49344e+11 -9.05037e+09 
585.229 2.82442e+06 1.49395e+11 -8.11245e+09 
449.849 2.82442e+06 1.4944e+11 -7.17422e+09 
332.169 2.82442e+06 1.49479e+11 -6.2357e+09 
232.194 2.82442e+06 1.49512e+11 -5.29694e+09 
149.93 2.82443e+06 1.4954e+11 -4.35796e+09 
85.3804 2.82443e+06 1.49561e+11 -3.41882e+09 
38.549 2.82443e+06 1.49577e+11 -2.47954e+09 
9.43865 2.82443e+06 1.49587e+11 -1.54016e+09 
-1.94839 2.82443e+06 1.4959e+11 -6.00725e+08 
4.38937 2.82443e+06 1.49588e+11 3.38737e+08 
